509
1365
-245
1924
-100
-842
1456
-120
-470
1084
773
13
-1581
-1959
-1565
565
-1435
982
-75
1829
-924
-966
627
787
1404
525
-1676
50
-1610
-1050
-123
292
-904
1965
224
-612
1887
-1392
1065
-1216
1698
-1578
1918
-1820
-360
1612
-1067
-1325
910
221
561
-1070
-511
-958
1353
813
-956
-1446
1759
-1053
167
-837
1832
-753
1124
-1300
-242
-253
1397
860
-522
-1439
23
24
1407
268
1494
855
174
142
-1677
317
1060
-1296
999
1731
1695
-172
1293
1459
-1524
-1522
1779
914
110
-586
-619
52
-1404
-35
-812
-685
1236
-1856
-721
159
-1855
-910
-311
1354
1952
499
-1194
-388
-416
-1808
-937
528
-1083
-221
1593
1793
-1407
543
-1943
1223
693
-768
-1504
-1636
671
179
923
1906
-515
1104
-194
173
-335
1864
-1948
-1862
929
-907
-98
-961
-858
-728
-231
-124
475
195
239
1281
-1642
-1467
-1896
1147
343
1948
-487
232
-324
-1651
185
1865
1881
-736
-1
-1871
-1262
-1432
-1954
-94
-232
1019
-724
-1728
1957
-971
-827
-491
793
1963
1712
-1744
155
-1949
448
953
-153
-941
-1889
-1253
1809
-1428
-709
1348
1539
1824
422
247
856
1627
-201
1245
-1845
-859
950
-1163
-917
-294
899
806
-891
-782
-1342
1753
-1076
1496
-1505
1908
-643
-1062
-798
-391
483
1764
-1046
635
1369
566
-1408
-1148
1898
1762
-735
-1104
-1614
-565
1728
1015
-1832
-366
-1489
-686
-346
-1397
1113
1208
-1691
1986
-1450
-1971
35
558
-1350
-684
-1411
1243
1800
-1891
-1033
2
-1576
-1354
-1269
-404
120
-244
1460
-1629
-1395
-573
644
699
-1000
1990
-1383
1843
1503
-1526
1701
492
1099
-993
-1602
194
-176
764
-133
828
166
-1244
253
-988
-1230
1737
-1287
-199
1225
-1970
-1587
-1712
785
1556
1307
552
4
444
-1424
-675
-1549
1534
-1814
1010
1555
1371
1510
-1968
-712
1454
1982
-137
424
77
1000
-1887
1347
1273
-130
890
-1318
-1108
-1914
-1639
-1568
-980
-1506
-946
1233
423
1137
-1674
1142
-1963
-803
1110
-254
-1135
-1599
133
-571
48
409
-1102
-358
74
607
1200
-1066
701
743
1107
416
-1922
-352
-1706
-1073
182
-680
1633
1421
-500
-1238
695
-850
-1308
-190
1659
1380
1098
1922
-61
-821
404
526
497
-1532
-995
-527
-894
1792
845
-1572
-1660
323
1299
-13
-170
-574
569
-606
-1338
-430
1068
-1473
-1056
-1265
1026
-1748
-1623
769
364
-1975
-1426
1951
1096
328
8
-1206
277
1856
70
-332
-76
1007
-1675
-1478
1929
176
-1363
108
105
12
438
-1463
-1597
-919
1904
-1761
1446
938
449
961
948
1136
-936
-1555
270
-1873
836
-757
-1101
-1700
-765
-1137
1275
-480
737
-577
853
135
-1479
-719
686
1215
240
1178
495
1305
-1433
697
1585
-505
-1461
-1925
-107
-594
-141
830
668
-202
-52
421
-340
1155
1839
532
413
349
-751
1685
1525
-1715
1660
1414
-1705
652
-1679
521
377
838
-84
-198
1854
1038
963
-1957
-481
-183
-289
562
864
-557
-655
-1653
-1895
-1690
-478
1367
1718
-520
744
-913
-950
-74
-1313
1502
951
675
-1718
1914
-1169
-434
1247
-1252
1925
-387
-469
1602
-1360
587
829
-1514
-1154
-1801
-1425
964
-558
-1688
-1824
141
-1431
-649
-553
-1045
-1149
-1997
1487
-1795
1663
-215
-1141
1209
1579
-285
485
-781
1699
-1847
433
-1423
-552
628
-1405
1382
-1904
-881
-1680
1545
-955
1491
1231
-1223
-1829
881
1861
-1796
959
-964
-1900
1640
-855
-1804
868
1174
199
-801
1747
1642
1481
1635
-1730
-1005
-1121
-1741
1292
-1952
-252
-1416
-1402
1622
-1536
-1567
-862
-321
985
1285
-1702
-356
-1061
876
1222
1186
464
1394
-930
40
-1695
-257
1363
-195
-974
1013
535
-563
638
-118
-1370
-976
-1764
1837
1047
739
1528
767
1676
-1228
1851
346
-726
1803
-696
-1040
-114
-1454
567
990
-1011
1637
653
-1918
-912
1817
-1839
992
-1419
-171
1151
1171
783
1150
1541
-1999
1172
-752
1563
-1785
-1320
-932
1768
1411
-873
474
-1161
95
-1802
-1003
122
-819
-1310
-617
621
507
-1941
-847
-473
799
-1180
-740
-140
-1315
1102
1295
1488
1578
835
1849
-1518
1398
-1215
-278
-163
274
-1694
-714
-532
309
709
-1484
-49
729
-786
1784
949
1998
-189
-247
-461
-1129
1597
1754
1700
-916
878
1588
73
761
1504
458
-895
-1552
-710
-150
820
-1109
1841
-1710
1734
-1615
-15
86
-1030
-1095
645
202
-866
-1836
-882
-618
1750
-1196
1027
-229
-463
1278
263
-1020
1324
-1527
-230
1994
72
-935
-1864
-312
690
-1760
468
132
25
-568
-1571
-743
1156
447
-952
1794
-166
1070
-249
451
1658
534
486
550
885
278
1139
-1008
-454
984
1816
-1233
-979
-1400
-1624
-1399
-1779
1266
1190
327
637
1238
396
852
615
-889
-824
1624
1702
151
1445
597
1517
1542
-1480
-19
116
1870
-292
1294
-627
1392
-1351
588
859
759
-1707
1569
815
-1285
-947
1623
130
-484
-1458
-870
-1036
-1202
-1788
960
-1015
233
-250
-265
541
-800
901
1059
206
-1495
765
-399
-1357
-1797
-164
20
-635
1006
1386
-1069
1522
1129
-960
-545
-992
94
-1570
847
-531
-495
1288
-694
-865
1795
912
1774
-793
998
-892
-69
-1110
-1654
716
-1494
-581
-1254
1704
432
-1934
-1775
-228
1923
619
757
-381
-1541
99
827
-1417
-152
46
-1415
1935
-1685
1312
1277
1438
373
1714
1862
777
-1737
1195
-981
-314
-584
-1831
153
-1613
-1510
136
1207
-1289
-1967
-116
1722
-1770
1715
1300
-1699
439
-647
1373
-138
1280
1995
1611
1911
1674
-1113
-106
-1209
1016
937
1860
1452
15
1892
-446
1538
164
-1187
-1920
896
-121
-65
-1451
986
1599
-534
921
1853
170
-748
712
-1562
1591
-893
1251
-119
1041
-316
-537
-256
-535
390
-739
121
-972
-507
1167
1148
256
1469
-621
660
-1666
378
54
-626
-1958
442
1608
189
-508
-144
-1619
139
-1645
-224
-791
-1978
720
988
-1990
-588
1092
-426
92
284
87
175
748
-528
1242
1825
-458
1028
21
-1913
-1986
1217
-329
-813
-425
-125
-1557
1166
357
916
-1609
-1449
661
326
-1661
-452
965
-965
-1021
-443
144
-929
-931
-777
-716
-1082
-261
-536
1514
1428
-291
-1533
1120
-524
-1590
-131
358
1017
-32
-1969
-111
1263
1492
841
-7
1356
776
-1077
-762
-1833
-1191
1643
150
1931
-408
1520
758
594
-1558
-896
-1749
-372
222
-1727
-1853
-810
1902
1736
1302
-1490
98
1877
-1499
111
-1985
-1767
658
-959
-331
1927
-624
-110
-564
-1953
1943
1088
-300
1647
491
481
882
-1743
932
443
1018
-664
-1681
1239
-741
-1828
1755
-1346
-1865
1062
-1815
-1589
-530
-767
1071
1206
-462
-544
1377
-165
-357
792
158
214
1888
-633
-192
-1201
1546
-1547
1248
-1144
344
643
1235
1947
-385
-1259
1196
-361
-922
-1644
747
395
605
1741
-417
-1830
1005
-237
-871
1850
-339
-1622
472
-471
-602
332
-1551
1705
-707
1227
1562
1882
-1051
-1858
-148
877
-987
22
380
850
477
-1189
1652
411
875
201
238
1182
-1013
-455
1039
-286
387
-660
-151
1690
-380
915
1615
1981
-1172
1506
1004
801
-1384
-1633
-384
1866
-437
469
-1085
-670
-546
493
-185
1670
-77
-556
55
-220
-1167
1240
-350
-1231
1462
508
688
41
-158
-1513
-1226
-351
-977
-1138
-963
846
818
956
-290
-1722
-1696
-20
1855
556
-162
1507
-1268
-78
-659
-11
-1205
-521
1744
-1164
-1358
-44
-539
-1041
498
1646
-677
-1232
259
-128
-1898
229
-453
861
1696
-818
1497
1297
1732
-596
1036
49
673
-1322
1317
-1035
-193
-440
-1134
-1464
-1523
-1772
-1554
1526
905
870
294
1132
-983
312
-1698
-856
1152
-1751
-816
-308
1056
1649
75
1422
904
386
1449
1515
341
-561
473
1831
1437
-1903
656
83
1974
1464
-1213
1252
1393
-57
-533
-1182
-424
-1566
1682
1665
-47
-944
-136
996
-814
-1188
1858
-1806
-1901
-651
81
1996
1388
219
-637
-809
-1348
63
573
393
-863
1656
-1866
-243
367
1119
1204
1053
972
-1577
-840
1689
1216
-226
1078
190
640
-1492
-9
-1409
-1326
1191
1086
452
-1175
1111
-1257
-1606
1479
1959
-375
865
962
-1364
1408
-1658
581
1218
-474
1890
-1917
-551
-985
-1197
970
1669
665
869
825
1606
-745
-1542
-1281
403
-1086
-667
-1377
1815
365
-175
1024
545
-349
-1816
1385
-413
-1249
230
-1713
1872
476
809
1536
314
-969
-1455
276
-1434
871
991
849
-1534
459
-629
-345
440
1378
-1662
639
1709
1495
-1274
-1006
-538
-692
-1503
-763
1620
1361
7
-1758
733
115
-109
1032
1436
1822
1271
1776
-902
1971
-459
1581
382
-389
-1208
1159
1869
-59
1710
-770
1920
1901
250
1246
-1264
-1275
-1459
946
-957
-811
-365
1427
88
225
160
-412
-986
-1229
703
-1519
-299
-1733
-1851
1268
-1697
529
-1037
-197
600
649
781
-661
513
680
796
1913
1220
-749
-1947
762
1661
-1105
271
-157
-636
-815
1596
1179
-489
397
1314
530
839
-301
1076
891
1185
576
-727
-334
-835
-962
977
682
-58
713
-750
1567
814
-789
-1158
1063
1644
651
-1173
851
504
-1573
981
-326
723
-787
-746
-295
301
-876
1345
-822
1771
575
-1944
-181
736
551
-1337
394
595
920
1089
209
1457
-1044
-1872
1434
1616
1559
1818
1629
-2000
-514
935
1025
-1960
-275
1161
1335
1584
62
1621
1671
436
-764
-542
-1809
321
163
-1039
311
907
-756
604
208
267
1991
-1689
-1909
1756
1697
-1120
-1784
544
-1151
591
-1477
-1475
1169
295
1518
546
957
848
-780
-1882
-498
1797
-808
100
-829
-1592
-605
1090
-1601
-843
1693
967
-732
1205
1058
-1726
-1799
-1460
1962
-1054
-1456
-569
1203
-1632
-1647
107
-1481
1416
-70
-585
1272
1042
-688
1891
-122
1379
-1724
-576
-246
-1283
362
1997
-431
-1768
381
470
-1950
1357
1760
-284
1490
1583
-861
-1778
-666
-676
931
-1385
1989
-1024
-1868
1441
816
-1635
1648
-184
1511
-702
1181
-1837
-373
-506
1383
-1115
1655
1604
-1286
-1520
363
866
-155
-687
-1440
-1987
-1608
-341
-1240
1919
-672
1552
-1709
56
-599
-258
-625
993
549
-1119
-853
140
1341
-1309
-303
-1731
-590
482
1848
417
1933
34
1472
1447
-1307
283
-1116
1770
1296
694
1291
18
-1248
-1301
1080
1654
1443
-159
-591
-1193
204
1269
-1381
-2
-848
-877
1603
-836
-516
1993
1197
-1181
728
-945
-1897
1617
805
1485
-1387
-1250
-1915
-1147
-1883
1806
705
708
-268
547
1886
-398
1192
-6
-1316
740
1420
1321
-1371
-1966
-1278
1274
1725
-1956
1763
-1131
347
-1390
592
-1369
-279
-28
1057
29
1117
1632
958
-1875
717
-646
1160
197
-1580
1673
-711
936
334
101
-885
-270
-776
-1317
1600
1121
-1444
-337
1812
-168
1835
-1302
171
554
-344
1775
-1781
425
-180
1177
-1414
1842
193
1424
-370
434
-954
613
-1344
-641
1140
1493
706
-1673
-984
-1270
-845
-1176
-1569
1895
-1367
-1064
1270
1501
1323
633
-1103
-392
1467
-101
-975
-1890
-1012
1667
1322
-758
-1276
-1184
-784
-1094
-579
-1686
1575
-479
1344
1738
505
1880
180
215
926
-1263
-96
-656
-1092
418
42
1213
626
1461
1687
-264
-260
-1611
-24
1772
1337
1903
-80
-145
629
843
939
1592
-645
523
-1214
89
177
402
-1255
1533
-1782
1586
1804
689
-89
1123
-1098
-1242
-1239
-841
-1114
-60
-99
-450
1327
-1512
-1509
-1902
751
1954
1029
-1220
1164
648
-804
299
305
192
-282
-10
-1500
1050
997
1905
906
-1375
679
1256
1189
-817
1079
-113
-1122
-884
-173
-1556
1694
-383
-785
-362
-1022
1044
-1659
-600
1968
-1097
345
1553
1075
1168
-607
692
1187
