-90
-74
-95
-121
119
5
-150
4
-169
-163
68
-60
-177
-98
47
28
-70
-20
9
100
171
12
106
34
175
8
-5
18
-68
25
-185
52
85
-59
-91
-82
55
-141
169
-112
-87
-181
-99
69
-144
102
6
-47
-168
121
96
-115
-166
-88
-22
44
-36
-110
192
-45
-148
140
-9
29
26
90
187
183
151
77
72
-17
-27
-25
-38
-153
38
32
131
74
160
-29
-165
195
-35
87
-137
-62
-167
-79
91
167
110
-119
-161
-182
-72
-183
-89
-64
-107
117
132
-26
-96
-193
-1
39
130
185
-191
-41
-186
0
-132
-103
30
174
-175
-123
63
16
190
103
-15
-24
111
15
196
-73
-176
127
80
-97
-155
-105
78
-124
170
-120
-92
-52
-34
124
-30
-56
-129
-69
-126
-86
-63
83
21
92
-143
-76
136
-18
199
-33
194
-111
37
-101
-4
164
24
-71
66
133
11
143
-58
193
71
-14
-67
184
107
-3
97
189
-43
-125
188
108
-187
-39
-66
48
-13
61
-152
43
197
49
181
36
-164
54
